[gd_scene load_steps=11 format=2]

[ext_resource path="res://Assets/meshes/bookshelf.obj" type="ArrayMesh" id=1]
[ext_resource path="res://Assets/meshes/magazine.obj" type="ArrayMesh" id=2]

[sub_resource type="SpatialMaterial" id=1]

[sub_resource type="SpatialMaterial" id=2]
metallic = 1.0
metallic_specular = 0.64

[sub_resource type="ConcavePolygonShape" id=8]
data = PoolVector3Array( -1, 1.0065, -0.3014, -1, 0, -0.3014, -1, 1.0065, -1, -1, 1.0065, -1, -1, 0, -0.3014, -1, 0, -1, -1, 1.0065, -1, -1, 0, -1, 4, 1.0065, -1, 4, 1.0065, -1, -1, 0, -1, 4, 0, -1, 4, 1.0065, -0.3014, 4, 0, -0.3014, 4, 1.0065, 1, 4, 1.0065, 1, 4, 0, -0.3014, 4, 0, 1, 4, 1.0065, 1, 4, 0, 1, -1, 1.0065, 1, -1, 1.0065, 1, 4, 0, 1, -1, 0, 1, 4, 0, -0.3014, -1, 0, -0.3014, 4, 0, 1, 4, 0, 1, -1, 0, -0.3014, -1, 0, 1, -1, 1.0065, -0.3014, 4, 1.0065, -0.3014, -1, 1.0065, 1, -1, 1.0065, 1, 4, 1.0065, -0.3014, 4, 1.0065, 1, 4, 2.4347, -1, 4, 2.4347, -0.3014, 4, 3.0071, -1, 4, 3.0071, -1, 4, 2.4347, -0.3014, 4, 3.0071, -0.3014, 4, 0, -1, -1, 0, -1, 4, 0, -0.3014, 4, 0, -0.3014, -1, 0, -1, -1, 0, -0.3014, 4, 1.0065, -1, 4, 0, -1, 4, 1.0065, -0.3014, 4, 1.0065, -0.3014, 4, 0, -1, 4, 0, -0.3014, -1, 1.0065, 1, -1, 0, 1, -1, 1.0065, -0.3014, -1, 1.0065, -0.3014, -1, 0, 1, -1, 0, -0.3014, -1, 3.0071, -1, 4, 3.0071, -1, -1, 3.0071, -0.3014, -1, 3.0071, -0.3014, 4, 3.0071, -1, 4, 3.0071, -0.3014, -1, 2.4347, -0.3014, -1, 2.4347, -1, -1, 3.0071, -0.3014, -1, 3.0071, -0.3014, -1, 2.4347, -1, -1, 3.0071, -1, -1, 2.4347, -1, 4, 2.4347, -1, -1, 3.0071, -1, -1, 3.0071, -1, 4, 2.4347, -1, 4, 3.0071, -1, 4, 2.4347, -0.3014, -1, 2.4347, -0.3014, 4, 3.0071, -0.3014, 4, 3.0071, -0.3014, -1, 2.4347, -0.3014, -1, 3.0071, -0.3014, 4, 1.0065, -0.3014, -1, 1.0065, -0.3014, 4, 1.6734, -0.3014, 4, 1.6734, -0.3014, -1, 1.0065, -0.3014, -1, 1.6734, -0.3014, 4, 1.7679, -0.3014, -1, 1.7679, -0.3014, 4, 2.3402, -0.3014, 4, 2.3402, -0.3014, -1, 1.7679, -0.3014, -1, 2.3402, -0.3014, -1, 1.0065, -1, 4, 1.0065, -1, -1, 1.6734, -1, -1, 1.6734, -1, 4, 1.0065, -1, 4, 1.6734, -1, -1, 1.7679, -1, 4, 1.7679, -1, -1, 2.3402, -1, -1, 2.3402, -1, 4, 1.7679, -1, 4, 2.3402, -1, -1, 1.0065, -0.3014, -1, 1.0065, -1, -1, 1.6734, -0.3014, -1, 1.6734, -0.3014, -1, 1.0065, -1, -1, 1.6734, -1, -1, 1.7679, -0.3014, -1, 1.7679, -1, -1, 2.3402, -0.3014, -1, 2.3402, -0.3014, -1, 1.7679, -1, -1, 2.3402, -1, 4, 1.0065, -1, 4, 1.0065, -0.3014, 4, 1.6734, -1, 4, 1.6734, -1, 4, 1.0065, -0.3014, 4, 1.6734, -0.3014, 4, 1.7679, -1, 4, 1.7679, -0.3014, 4, 2.3402, -1, 4, 2.3402, -1, 4, 1.7679, -0.3014, 4, 2.3402, -0.3014, 4, 1.6734, -1, 4, 1.6734, -0.3014, 4, 1.7679, -1, 4, 1.7679, -1, 4, 1.6734, -0.3014, 4, 1.7679, -0.3014, -1, 1.6734, -0.3014, -1, 1.6734, -1, -1, 1.7679, -0.3014, -1, 1.7679, -0.3014, -1, 1.6734, -1, -1, 1.7679, -1, -1, 1.6734, -1, 4, 1.6734, -1, -1, 1.7679, -1, -1, 1.7679, -1, 4, 1.6734, -1, 4, 1.7679, -1, -1, 2.3402, -1, 4, 2.3402, -1, -1, 2.4347, -1, -1, 2.4347, -1, 4, 2.3402, -1, 4, 2.4347, -1, -1, 2.3402, -0.3014, -1, 2.3402, -1, -1, 2.4347, -0.3014, -1, 2.4347, -0.3014, -1, 2.3402, -1, -1, 2.4347, -1, 4, 2.3402, -1, 4, 2.3402, -0.3014, 4, 2.4347, -1, 4, 2.4347, -1, 4, 2.3402, -0.3014, 4, 2.4347, -0.3014, -1, 1.6734, -0.3014, -1, 1.7679, -0.3014, -1, 1.6734, 0.4986, -1, 1.6734, 0.4986, -1, 1.7679, -0.3014, -1, 1.7679, 0.4986, 4, 2.3402, -0.3014, -1, 2.3402, -0.3014, 4, 2.3402, 0.2986, 4, 2.3402, 0.2986, -1, 2.3402, -0.3014, -1, 2.3402, 0.2986, 4, 2.3402, 0.2986, -1, 2.3402, 0.2986, 4, 2.4347, 0.2986, 4, 2.4347, 0.2986, -1, 2.3402, 0.2986, -1, 2.4347, 0.2986, -1, 2.3402, -0.3014, -1, 2.4347, -0.3014, -1, 2.3402, 0.2986, -1, 2.3402, 0.2986, -1, 2.4347, -0.3014, -1, 2.4347, 0.2986, -1, 2.4347, -0.3014, 4, 2.4347, -0.3014, -1, 2.4347, 0.2986, -1, 2.4347, 0.2986, 4, 2.4347, -0.3014, 4, 2.4347, 0.2986, 4, 2.4347, -0.3014, 4, 2.3402, -0.3014, 4, 2.4347, 0.2986, 4, 2.4347, 0.2986, 4, 2.3402, -0.3014, 4, 2.3402, 0.2986, 4, 1.6734, 0.4986, -1, 1.6734, 0.4986, 4, 1.7679, 0.4986, 4, 1.7679, 0.4986, -1, 1.6734, 0.4986, -1, 1.7679, 0.4986, 4, 1.7679, -0.3014, 4, 1.6734, -0.3014, 4, 1.7679, 0.4986, 4, 1.7679, 0.4986, 4, 1.6734, -0.3014, 4, 1.6734, 0.4986, -1, 1.7679, -0.3014, 4, 1.7679, -0.3014, -1, 1.7679, 0.4986, -1, 1.7679, 0.4986, 4, 1.7679, -0.3014, 4, 1.7679, 0.4986, 4, 1.6734, -0.3014, -1, 1.6734, -0.3014, 4, 1.6734, 0.4986, 4, 1.6734, 0.4986, -1, 1.6734, -0.3014, -1, 1.6734, 0.4986 )

[sub_resource type="SpatialMaterial" id=3]
albedo_color = Color( 0.113725, 0.0666667, 0.921569, 1 )

[sub_resource type="SpatialMaterial" id=4]
albedo_color = Color( 1, 0.427451, 0.427451, 1 )

[sub_resource type="SpatialMaterial" id=5]
albedo_color = Color( 1, 0.0823529, 0.0823529, 1 )

[sub_resource type="SpatialMaterial" id=6]
albedo_color = Color( 0, 1, 0.0627451, 1 )

[sub_resource type="SpatialMaterial" id=7]
albedo_color = Color( 0.976471, 0.34902, 0.717647, 1 )

[node name="MagazineShelf" type="Spatial"]

[node name="MeshInstance" type="MeshInstance" parent="."]
transform = Transform( 1, 0, 0, 0, 1, 0, 0, 0, 1, -0.0130022, 0, 0.000692844 )
mesh = ExtResource( 1 )
material/0 = SubResource( 1 )
material/1 = SubResource( 2 )

[node name="StaticBody" type="StaticBody" parent="MeshInstance"]

[node name="CollisionShape" type="CollisionShape" parent="MeshInstance/StaticBody"]
shape = SubResource( 8 )

[node name="magazines" type="Spatial" parent="."]

[node name="MeshInstance" type="MeshInstance" parent="magazines"]
transform = Transform( 0.994513, 0.0167026, -0.103273, 0, 0.987172, 0.159657, 0.104615, -0.158781, 0.981756, -0.628425, 2.73293, 0.00467604 )
mesh = ExtResource( 2 )
material/0 = SubResource( 3 )

[node name="MeshInstance11" type="MeshInstance" parent="magazines"]
transform = Transform( 0.994513, 0.0167026, -0.103273, 0, 0.987172, 0.159657, 0.104615, -0.158781, 0.981756, 1.2427, 1.32287, 0.151843 )
mesh = ExtResource( 2 )
material/0 = SubResource( 3 )

[node name="MeshInstance2" type="MeshInstance" parent="magazines"]
transform = Transform( 0.99988, 0.00247435, -0.0152991, 0, 0.987172, 0.159657, 0.0154979, -0.159638, 0.987054, -0.19303, 2.73293, 0.00467604 )
mesh = ExtResource( 2 )
material/0 = SubResource( 4 )

[node name="MeshInstance6" type="MeshInstance" parent="magazines"]
transform = Transform( 0.99988, 0.00247435, -0.0152991, 0, 0.987172, 0.159657, 0.0154979, -0.159638, 0.987054, 1.49753, 2.73293, 0.00467604 )
mesh = ExtResource( 2 )
material/0 = SubResource( 4 )

[node name="MeshInstance7" type="MeshInstance" parent="magazines"]
transform = Transform( 0.99988, 0.00247435, -0.0152991, 0, 0.987172, 0.159657, 0.0154979, -0.159638, 0.987054, 3.48524, 2.73293, 0.00467604 )
mesh = ExtResource( 2 )
material/0 = SubResource( 4 )

[node name="MeshInstance13" type="MeshInstance" parent="magazines"]
transform = Transform( 0.99988, 0.00247435, -0.0152991, 0, 0.987172, 0.159657, 0.0154979, -0.159638, 0.987054, 2.3695, 2.73293, 0.00467604 )
mesh = ExtResource( 2 )
material/0 = SubResource( 4 )

[node name="MeshInstance3" type="MeshInstance" parent="magazines"]
transform = Transform( 1, 0, 0, 0, 0.978559, 0.205965, 0, -0.205965, 0.978559, 0.45558, 2.73293, -0.00924534 )
mesh = ExtResource( 2 )
material/0 = SubResource( 5 )

[node name="MeshInstance14" type="MeshInstance" parent="magazines"]
transform = Transform( 1, 0, 0, 0, 0.978559, 0.205965, 0, -0.205965, 0.978559, 1.85293, 2.73293, -0.00924534 )
mesh = ExtResource( 2 )
material/0 = SubResource( 5 )

[node name="MeshInstance9" type="MeshInstance" parent="magazines"]
transform = Transform( 1, 0, 0, 0, 0.978559, 0.205965, 0, -0.205965, 0.978559, 0.45558, 2.09574, 0.0516253 )
mesh = ExtResource( 2 )
material/0 = SubResource( 5 )

[node name="MeshInstance10" type="MeshInstance" parent="magazines"]
transform = Transform( 1, 0, 0, 0, 0.978559, 0.205965, 0, -0.205965, 0.978559, 3.11912, 1.28847, 0.0516253 )
mesh = ExtResource( 2 )
material/0 = SubResource( 5 )

[node name="MeshInstance4" type="MeshInstance" parent="magazines"]
transform = Transform( 0.94069, -0.33726, -0.0368617, 0.0154291, -0.066011, 0.9977, -0.338918, -0.939094, -0.0568923, 0.609485, 2.69648, 0.0762579 )
mesh = ExtResource( 2 )
material/0 = SubResource( 6 )

[node name="MeshInstance12" type="MeshInstance" parent="magazines"]
transform = Transform( 0.973239, 0, -0.229795, 0, 1, 0, 0.229795, 0, 0.973239, -0.625343, 2.00791, 0.0762579 )
mesh = ExtResource( 2 )
material/0 = SubResource( 6 )

[node name="MeshInstance15" type="MeshInstance" parent="magazines"]
transform = Transform( 0.973239, 0, -0.229795, 0, 1, 0, 0.229795, 0, 0.973239, 2.78835, 2.693, 0.0762579 )
mesh = ExtResource( 2 )
material/0 = SubResource( 6 )

[node name="MeshInstance5" type="MeshInstance" parent="magazines"]
transform = Transform( 0.99988, 0.00247435, -0.0152991, 0, 0.987172, 0.159657, 0.0154979, -0.159638, 0.987054, 1.01601, 2.73293, 0.00467604 )
mesh = ExtResource( 2 )
material/0 = SubResource( 7 )

[node name="MeshInstance8" type="MeshInstance" parent="magazines"]
transform = Transform( 0.99988, 0.00247435, -0.0152991, 0.00239876, 0.950567, 0.310509, 0.0153111, -0.310508, 0.950447, 1.51889, 2.73293, 0.072573 )
mesh = ExtResource( 2 )
material/0 = SubResource( 7 )
